/		CG-6 Survey
/		Survey Name:	9347-VG
/		Instrument Serial Number:	000000021080368
/		Created:	2022-10-02 10:10:34
/
/		CG-6 Calibration
/		Operator:	EPR_OAZ
/		Gcal1 [mGal]:	7960.246000
/		Goff [ADU]:	-8388608.000000
/		Gref [mGal]:	0.0000
/		X Scale [arc-sec/ADU]:	0.030952
/		Y Scale [arc-sec/ADU]:	0.031457
/		X Offset [ADU]:	-197728.206053
/		Y Offset [ADU]:	-93683.760089
/		Temperature Coefficient [mGal/mK]:	-0.129000
/		Temperature Scale [mK/ADU]:	-0.000111
/		Drift Rate [mGal/day]:	-0.713690
/		Drift Zero Time:	2021-08-16 18:07:31
/		Firmware Version:	CG6_2_20220815
/
/Station	Date	Time	CorrGrav	Line	StdDev	StdErr	RawGrav	X	Y	SensorTemp	TideCorr	TiltCorr	TempCorr	DriftCorr	MeasurDur	InstrHeight	LatUser	LonUser	ElevUser	LatGPS	LonGPS	ElevGPS	Corrections[drift-temp-na-tide-tilt]
2	2022-10-02	13:13:28	5747.5772	23	0.0129	0.0017	5453.7108	0.2	0.0	0.5488	-0.0982	0.0000	0.0703	293.8943	60	0.000	55.839948	48.812679	92.00	--	--	--	11011
2	2022-10-02	13:14:28	5747.5755	23	0.0106	0.0014	5453.7088	-1.1	-1.0	0.5405	-0.0982	0.0001	0.0701	293.8948	60	0.000	55.839948	48.812679	92.00	--	--	--	11011
2	2022-10-02	13:15:28	5747.5777	23	0.0146	0.0019	5453.7104	-0.4	-2.3	0.5463	-0.0982	0.0001	0.0702	293.8953	60	0.000	55.839948	48.812679	92.00	--	--	--	11011
2	2022-10-02	13:16:28	5747.5773	23	0.0141	0.0018	5453.7096	-1.8	-0.4	0.5415	-0.0983	0.0001	0.0701	293.8958	60	0.000	55.839948	48.812679	92.00	--	--	--	11011
2	2022-10-02	13:17:28	5747.5789	23	0.0086	0.0011	5453.7110	-1.5	-2.1	0.5373	-0.0983	0.0001	0.0699	293.8963	60	0.000	55.839948	48.812679	92.00	--	--	--	11011
2	2022-10-02	13:18:28	5747.5800	23	0.0100	0.0013	5453.7116	-1.4	-1.0	0.5421	-0.0983	0.0001	0.0699	293.8968	60	0.000	55.839948	48.812679	92.00	--	--	--	11011
2	2022-10-02	13:19:28	5747.5791	23	0.0180	0.0023	5453.7102	-1.7	-0.5	0.5427	-0.0984	0.0001	0.0700	293.8973	60	0.000	55.839948	48.812679	92.00	--	--	--	11011
2	2022-10-02	13:20:28	5747.5790	23	0.0156	0.0020	5453.7096	-1.6	-1.4	0.5379	-0.0984	0.0001	0.0700	293.8978	60	0.000	55.839948	48.812679	92.00	--	--	--	11011
2	2022-10-02	13:21:28	5747.5807	23	0.0141	0.0018	5453.7109	-1.2	-1.7	0.5360	-0.0984	0.0001	0.0699	293.8983	60	0.000	55.839948	48.812679	92.00	--	--	--	11011
2	2022-10-02	13:22:28	5747.5818	23	0.0134	0.0017	5453.7117	-2.5	-1.0	0.5396	-0.0985	0.0001	0.0698	293.8988	60	0.000	55.839948	48.812679	92.00	--	--	--	11011
2	2022-10-02	13:23:28	5747.5809	23	0.0157	0.0020	5453.7101	-1.7	1.0	0.5370	-0.0985	0.0001	0.0699	293.8993	60	0.000	55.839948	48.812679	92.00	--	--	--	11011
2	2022-10-02	13:24:28	5747.5832	23	0.0112	0.0014	5453.7120	-0.8	1.4	0.5450	-0.0985	0.0000	0.0699	293.8997	60	0.000	55.839948	48.812679	92.00	--	--	--	11011
2	2022-10-02	13:25:28	5747.5849	23	0.0160	0.0021	5453.7133	-2.0	0.3	0.5427	-0.0985	0.0001	0.0698	293.9002	60	0.000	55.839948	48.812679	92.00	--	--	--	11011
2	2022-10-02	13:26:28	5747.5827	23	0.0135	0.0017	5453.7107	-2.3	0.6	0.5380	-0.0986	0.0001	0.0698	293.9007	60	0.000	55.839948	48.812679	92.00	--	--	--	11011
2	2022-10-02	13:27:28	5747.5841	23	0.0173	0.0022	5453.7117	-2.1	1.2	0.5436	-0.0986	0.0001	0.0697	293.9012	60	0.000	55.839948	48.812679	92.00	--	--	--	11011
3	2022-10-02	13:31:58	5747.4324	23	0.0155	0.0020	5453.5575	-0.4	0.0	0.5425	-0.0987	0.0000	0.0701	293.9035	60	0.000	55.839948	48.812679	92.00	--	--	--	11011
3	2022-10-02	13:32:58	5747.4336	23	0.0138	0.0018	5453.5583	-0.1	-0.6	0.5485	-0.0987	0.0000	0.0700	293.9040	60	0.000	55.839948	48.812679	92.00	--	--	--	11011
3	2022-10-02	13:33:58	5747.4342	23	0.0167	0.0022	5453.5583	-1.0	-0.6	0.5419	-0.0988	0.0000	0.0702	293.9045	60	0.000	55.839948	48.812679	92.00	--	--	--	11011
3	2022-10-02	13:34:58	5747.4339	23	0.0105	0.0014	5453.5576	-1.3	-0.5	0.5389	-0.0988	0.0000	0.0701	293.9050	60	0.000	55.839948	48.812679	92.00	--	--	--	11011
3	2022-10-02	13:35:58	5747.4344	23	0.0134	0.0017	5453.5577	-1.5	-1.4	0.5437	-0.0988	0.0001	0.0700	293.9054	60	0.000	55.839948	48.812679	92.00	--	--	--	11011
3	2022-10-02	13:36:58	5747.4343	23	0.0161	0.0021	5453.5570	-0.8	-1.3	0.5487	-0.0988	0.0000	0.0701	293.9059	60	0.000	55.839948	48.812679	92.00	--	--	--	11011
3	2022-10-02	13:37:58	5747.4351	23	0.0188	0.0024	5453.5576	-1.5	-1.0	0.5452	-0.0989	0.0000	0.0698	293.9064	60	0.000	55.839948	48.812679	92.00	--	--	--	11011
3	2022-10-02	13:38:58	5747.4351	23	0.0222	0.0029	5453.5571	-2.0	-0.8	0.5414	-0.0989	0.0001	0.0698	293.9069	60	0.000	55.839948	48.812679	92.00	--	--	--	11011
3	2022-10-02	13:39:58	5747.4359	23	0.0136	0.0018	5453.5574	-0.8	-1.1	0.5382	-0.0989	0.0000	0.0699	293.9074	60	0.000	55.839948	48.812679	92.00	--	--	--	11011
3	2022-10-02	13:40:58	5747.4367	23	0.0161	0.0021	5453.5576	-0.2	-1.8	0.5432	-0.0989	0.0001	0.0700	293.9079	60	0.000	55.839948	48.812679	92.00	--	--	--	11011
3	2022-10-02	13:41:58	5747.4367	23	0.0185	0.0024	5453.5573	-0.0	-0.6	0.5412	-0.0989	0.0000	0.0699	293.9084	60	0.000	55.839948	48.812679	92.00	--	--	--	11011
3	2022-10-02	13:42:58	5747.4368	23	0.0143	0.0019	5453.5571	-0.8	-2.1	0.5403	-0.0990	0.0001	0.0697	293.9089	60	0.000	55.839948	48.812679	92.00	--	--	--	11011
3	2022-10-02	13:43:58	5747.4380	23	0.0164	0.0021	5453.5576	-0.4	-3.0	0.5370	-0.0990	0.0001	0.0698	293.9094	60	0.000	55.839948	48.812679	92.00	--	--	--	11011
3	2022-10-02	13:44:58	5747.4375	23	0.0106	0.0014	5453.5565	-1.1	-2.4	0.5371	-0.0990	0.0001	0.0700	293.9099	60	0.000	55.839948	48.812679	92.00	--	--	--	11011
3	2022-10-02	13:45:58	5747.4397	23	0.0152	0.0020	5453.5584	-1.3	-2.3	0.5403	-0.0990	0.0001	0.0699	293.9104	60	0.000	55.839948	48.812679	92.00	--	--	--	11011
2	2022-10-02	13:48:14	5747.5941	23	0.0144	0.0019	5453.7114	-2.9	-2.0	0.5364	-0.0990	0.0002	0.0700	293.9115	60	0.000	55.839948	48.812679	92.00	--	--	--	11011
2	2022-10-02	13:49:14	5747.5942	23	0.0081	0.0010	5453.7112	-1.5	0.3	0.5503	-0.0990	0.0000	0.0700	293.9120	60	0.000	55.839948	48.812679	92.00	--	--	--	11011
2	2022-10-02	13:50:14	5747.5932	23	0.0147	0.0019	5453.7097	-1.8	-0.8	0.5416	-0.0991	0.0001	0.0699	293.9125	60	0.000	55.839948	48.812679	92.00	--	--	--	11011
2	2022-10-02	13:51:14	5747.5948	23	0.0142	0.0018	5453.7110	-1.2	-0.8	0.5403	-0.0991	0.0001	0.0698	293.9130	60	0.000	55.839948	48.812679	92.00	--	--	--	11011
2	2022-10-02	13:52:14	5747.5952	23	0.0144	0.0019	5453.7109	-0.8	-1.1	0.5412	-0.0991	0.0001	0.0698	293.9135	60	0.000	55.839948	48.812679	92.00	--	--	--	11011
2	2022-10-02	13:53:14	5747.5951	23	0.0106	0.0014	5453.7103	-2.3	-1.6	0.5352	-0.0991	0.0001	0.0698	293.9140	60	0.000	55.839948	48.812679	92.00	--	--	--	11011
2	2022-10-02	13:54:14	5747.5965	23	0.0086	0.0011	5453.7113	-2.2	-1.0	0.5416	-0.0991	0.0001	0.0697	293.9145	60	0.000	55.839948	48.812679	92.00	--	--	--	11011
2	2022-10-02	13:55:14	5747.5973	23	0.0178	0.0023	5453.7115	-0.8	-0.9	0.5419	-0.0991	0.0000	0.0699	293.9150	60	0.000	55.839948	48.812679	92.00	--	--	--	11011
2	2022-10-02	13:56:14	5747.5967	23	0.0153	0.0020	5453.7104	-1.3	-2.2	0.5338	-0.0991	0.0002	0.0697	293.9155	60	0.000	55.839948	48.812679	92.00	--	--	--	11011
2	2022-10-02	13:57:14	5747.5977	23	0.0134	0.0017	5453.7108	-2.2	-1.6	0.5443	-0.0991	0.0001	0.0699	293.9160	60	0.000	55.839948	48.812679	92.00	--	--	--	11011
2	2022-10-02	13:58:14	5747.5980	23	0.0139	0.0018	5453.7108	-2.1	-2.1	0.5463	-0.0991	0.0001	0.0697	293.9165	60	0.000	55.839948	48.812679	92.00	--	--	--	11011
2	2022-10-02	13:59:14	5747.5977	23	0.0171	0.0022	5453.7100	-2.0	-2.2	0.5395	-0.0992	0.0001	0.0697	293.9170	60	0.000	55.839948	48.812679	92.00	--	--	--	11011
2	2022-10-02	14:00:14	5747.5991	23	0.0159	0.0021	5453.7109	-2.3	-2.1	0.5386	-0.0992	0.0001	0.0697	293.9175	60	0.000	55.839948	48.812679	92.00	--	--	--	11011
2	2022-10-02	14:01:14	5747.6002	23	0.0127	0.0016	5453.7114	-2.0	-2.5	0.5406	-0.0992	0.0001	0.0699	293.9180	60	0.000	55.839948	48.812679	92.00	--	--	--	11011
2	2022-10-02	14:02:14	5747.5991	23	0.0133	0.0017	5453.7099	-3.3	-1.6	0.5401	-0.0992	0.0002	0.0698	293.9185	60	0.000	55.839948	48.812679	92.00	--	--	--	11011
3	2022-10-02	14:04:45	5747.4469	23	0.0140	0.0018	5453.5565	-1.4	-1.7	0.5387	-0.0992	0.0001	0.0698	293.9197	60	0.000	55.839948	48.812679	92.00	--	--	--	11011
3	2022-10-02	14:05:45	5747.4478	23	0.0153	0.0020	5453.5566	-1.5	-2.7	0.5363	-0.0992	0.0001	0.0700	293.9202	60	0.000	55.839948	48.812679	92.00	--	--	--	11011
3	2022-10-02	14:06:45	5747.4479	23	0.0176	0.0023	5453.5564	-0.6	-2.6	0.5437	-0.0992	0.0001	0.0699	293.9207	60	0.000	55.839948	48.812679	92.00	--	--	--	11011
3	2022-10-02	14:07:45	5747.4484	23	0.0090	0.0012	5453.5564	-1.5	-3.2	0.5503	-0.0992	0.0002	0.0699	293.9212	60	0.000	55.839948	48.812679	92.00	--	--	--	11011
3	2022-10-02	14:08:45	5747.4505	23	0.0120	0.0016	5453.5579	-0.7	-3.7	0.5389	-0.0992	0.0002	0.0700	293.9217	60	0.000	55.839948	48.812679	92.00	--	--	--	11011
3	2022-10-02	14:09:45	5747.4502	23	0.0135	0.0017	5453.5571	-0.9	-3.8	0.5420	-0.0992	0.0002	0.0699	293.9222	60	0.000	55.839948	48.812679	92.00	--	--	--	11011
3	2022-10-02	14:10:45	5747.4499	23	0.0126	0.0016	5453.5563	-2.1	-3.0	0.5325	-0.0992	0.0002	0.0699	293.9227	60	0.000	55.839948	48.812679	92.00	--	--	--	11011
3	2022-10-02	14:11:45	5747.4514	23	0.0179	0.0023	5453.5572	-2.6	-4.3	0.5391	-0.0992	0.0004	0.0699	293.9232	60	0.000	55.839948	48.812679	92.00	--	--	--	11011
3	2022-10-02	14:12:45	5747.4509	23	0.0144	0.0019	5453.5563	-1.1	-4.0	0.5352	-0.0992	0.0003	0.0698	293.9237	60	0.000	55.839948	48.812679	92.00	--	--	--	11011
3	2022-10-02	14:13:45	5747.4509	23	0.0134	0.0017	5453.5561	-0.6	-3.5	0.5404	-0.0992	0.0002	0.0697	293.9242	60	0.000	55.839948	48.812679	92.00	--	--	--	11011
3	2022-10-02	14:14:45	5747.4519	23	0.0135	0.0017	5453.5564	-0.3	-3.1	0.5383	-0.0992	0.0001	0.0699	293.9247	60	0.000	55.839948	48.812679	92.00	--	--	--	11011
3	2022-10-02	14:15:45	5747.4519	23	0.0193	0.0025	5453.5559	-1.2	-5.0	0.5437	-0.0992	0.0003	0.0698	293.9252	60	0.000	55.839948	48.812679	92.00	--	--	--	11011
3	2022-10-02	14:16:45	5747.4533	23	0.0155	0.0020	5453.5570	-1.5	-4.3	0.5363	-0.0992	0.0003	0.0696	293.9257	60	0.000	55.839948	48.812679	92.00	--	--	--	11011
3	2022-10-02	14:17:45	5747.4523	23	0.0108	0.0014	5453.5555	-0.3	-3.2	0.5399	-0.0992	0.0002	0.0697	293.9262	60	0.000	55.839948	48.812679	92.00	--	--	--	11011
3	2022-10-02	14:18:45	5747.4554	23	0.0111	0.0014	5453.5579	-2.1	-2.7	0.5432	-0.0992	0.0002	0.0698	293.9267	60	0.000	55.839948	48.812679	92.00	--	--	--	11011
2	2022-10-02	14:21:22	5747.6076	23	0.0110	0.0014	5453.7088	0.5	-2.9	0.5402	-0.0992	0.0001	0.0698	293.9279	60	0.000	55.839948	48.812679	92.00	--	--	--	11011
2	2022-10-02	14:22:22	5747.6085	23	0.0115	0.0015	5453.7091	-0.6	-4.2	0.5468	-0.0992	0.0002	0.0699	293.9284	60	0.000	55.839948	48.812679	92.00	--	--	--	11011
2	2022-10-02	14:23:22	5747.6106	23	0.0116	0.0015	5453.7106	0.6	-3.9	0.5425	-0.0991	0.0002	0.0699	293.9289	60	0.000	55.839948	48.812679	92.00	--	--	--	11011
2	2022-10-02	14:24:22	5747.6096	23	0.0110	0.0014	5453.7089	0.9	-4.4	0.5483	-0.0991	0.0003	0.0700	293.9294	60	0.000	55.839948	48.812679	92.00	--	--	--	11011
2	2022-10-02	14:25:22	5747.6108	23	0.0133	0.0017	5453.7099	0.9	-4.3	0.5433	-0.0991	0.0002	0.0699	293.9299	60	0.000	55.839948	48.812679	92.00	--	--	--	11011
2	2022-10-02	14:26:22	5747.6118	23	0.0141	0.0018	5453.7104	0.4	-4.0	0.5369	-0.0991	0.0002	0.0699	293.9304	60	0.000	55.839948	48.812679	92.00	--	--	--	11011
2	2022-10-02	14:27:22	5747.6120	23	0.0162	0.0021	5453.7102	1.9	-3.8	0.5417	-0.0991	0.0002	0.0698	293.9309	60	0.000	55.839948	48.812679	92.00	--	--	--	11011
2	2022-10-02	14:28:22	5747.6112	23	0.0136	0.0018	5453.7088	1.8	-4.0	0.5346	-0.0991	0.0003	0.0697	293.9314	60	0.000	55.839948	48.812679	92.00	--	--	--	11011
2	2022-10-02	14:29:22	5747.6130	23	0.0130	0.0017	5453.7101	0.7	-2.6	0.5412	-0.0991	0.0002	0.0699	293.9319	60	0.000	55.839948	48.812679	92.00	--	--	--	11011
2	2022-10-02	14:30:22	5747.6126	23	0.0117	0.0015	5453.7094	0.3	-2.8	0.5443	-0.0991	0.0002	0.0697	293.9324	60	0.000	55.839948	48.812679	92.00	--	--	--	11011
2	2022-10-02	14:31:22	5747.6114	23	0.0169	0.0022	5453.7077	-0.9	-3.3	0.5369	-0.0991	0.0001	0.0697	293.9329	60	0.000	55.839948	48.812679	92.00	--	--	--	11011
2	2022-10-02	14:32:22	5747.6132	23	0.0136	0.0018	5453.7088	-0.3	-4.3	0.5419	-0.0990	0.0002	0.0698	293.9334	60	0.000	55.839948	48.812679	92.00	--	--	--	11011
2	2022-10-02	14:33:22	5747.6141	23	0.0114	0.0015	5453.7090	0.3	-4.3	0.5361	-0.0990	0.0003	0.0699	293.9339	60	0.000	55.839948	48.812679	92.00	--	--	--	11011
2	2022-10-02	14:34:22	5747.6146	23	0.0197	0.0025	5453.7092	0.5	-3.9	0.5404	-0.0990	0.0002	0.0698	293.9344	60	0.000	55.839948	48.812679	92.00	--	--	--	11011
2	2022-10-02	14:35:22	5747.6153	23	0.0104	0.0013	5453.7093	-0.8	-3.7	0.5421	-0.0990	0.0002	0.0699	293.9349	60	0.000	55.839948	48.812679	92.00	--	--	--	11011
3	2022-10-02	14:38:04	5747.4616	23	0.0163	0.0021	5453.5547	0.1	-1.5	0.5411	-0.0990	0.0001	0.0697	293.9362	60	0.000	55.839948	48.812679	92.00	--	--	--	11011
3	2022-10-02	14:39:04	5747.4633	23	0.0162	0.0021	5453.5552	-0.3	-2.5	0.5414	-0.0989	0.0001	0.0702	293.9367	60	0.000	55.839948	48.812679	92.00	--	--	--	11011
3	2022-10-02	14:40:04	5747.4623	23	0.0164	0.0021	5453.5540	1.0	-1.7	0.5464	-0.0989	0.0001	0.0699	293.9372	60	0.000	55.839948	48.812679	92.00	--	--	--	11011
3	2022-10-02	14:41:04	5747.4627	23	0.0158	0.0020	5453.5537	0.3	-3.2	0.5397	-0.0989	0.0002	0.0700	293.9377	60	0.000	55.839948	48.812679	92.00	--	--	--	11011
3	2022-10-02	14:42:04	5747.4631	23	0.0131	0.0017	5453.5537	0.1	-1.9	0.5410	-0.0989	0.0001	0.0700	293.9382	60	0.000	55.839948	48.812679	92.00	--	--	--	11011
3	2022-10-02	14:43:04	5747.4596	23	0.0137	0.0018	5453.5497	0.0	-1.8	0.5496	-0.0989	0.0001	0.0699	293.9387	60	0.000	55.839948	48.812679	92.00	--	--	--	11011
3	2022-10-02	14:44:04	5747.4640	23	0.0157	0.0020	5453.5538	0.8	-1.8	0.5433	-0.0988	0.0001	0.0698	293.9392	60	0.000	55.839948	48.812679	92.00	--	--	--	11011
3	2022-10-02	14:45:04	5747.4648	23	0.0116	0.0015	5453.5538	-0.7	-3.1	0.5411	-0.0988	0.0002	0.0699	293.9397	60	0.000	55.839948	48.812679	92.00	--	--	--	11011
3	2022-10-02	14:46:04	5747.4657	23	0.0103	0.0013	5453.5542	0.5	-3.8	0.5369	-0.0988	0.0002	0.0700	293.9402	60	0.000	55.839948	48.812679	92.00	--	--	--	11011
3	2022-10-02	14:47:04	5747.4674	23	0.0192	0.0025	5453.5556	-0.2	-2.6	0.5387	-0.0988	0.0001	0.0698	293.9407	60	0.000	55.839948	48.812679	92.00	--	--	--	11011
3	2022-10-02	14:48:04	5747.4680	23	0.0111	0.0014	5453.5556	0.8	-2.0	0.5482	-0.0987	0.0001	0.0699	293.9412	60	0.000	55.839948	48.812679	92.00	--	--	--	11011
3	2022-10-02	14:49:04	5747.4679	23	0.0147	0.0019	5453.5550	0.2	-3.2	0.5385	-0.0987	0.0001	0.0699	293.9417	60	0.000	55.839948	48.812679	92.00	--	--	--	11011
3	2022-10-02	14:50:04	5747.4671	23	0.0137	0.0018	5453.5537	-0.5	-3.7	0.5366	-0.0987	0.0002	0.0698	293.9422	60	0.000	55.839948	48.812679	92.00	--	--	--	11011
3	2022-10-02	14:51:04	5747.4680	23	0.0174	0.0022	5453.5540	-0.5	-3.3	0.5376	-0.0987	0.0002	0.0698	293.9427	60	0.000	55.839948	48.812679	92.00	--	--	--	11011
3	2022-10-02	14:52:04	5747.4677	23	0.0099	0.0013	5453.5532	0.5	-3.7	0.5442	-0.0986	0.0001	0.0698	293.9432	60	0.000	55.839948	48.812679	92.00	--	--	--	11011
2	2022-10-02	14:54:22	5747.6228	23	0.0219	0.0028	5453.7070	2.5	-3.5	0.5440	-0.0986	0.0002	0.0699	293.9443	60	0.000	55.839948	48.812679	92.00	--	--	--	11011
2	2022-10-02	14:55:22	5747.6235	23	0.0165	0.0021	5453.7071	1.4	-5.0	0.5423	-0.0985	0.0003	0.0699	293.9448	60	0.000	55.839948	48.812679	92.00	--	--	--	11011
2	2022-10-02	14:56:22	5747.6240	23	0.0158	0.0020	5453.7069	1.6	-3.9	0.5372	-0.0985	0.0002	0.0700	293.9453	60	0.000	55.839948	48.812679	92.00	--	--	--	11011
2	2022-10-02	14:57:22	5747.6259	23	0.0104	0.0013	5453.7086	1.9	-4.3	0.5487	-0.0985	0.0002	0.0697	293.9458	60	0.000	55.839948	48.812679	92.00	--	--	--	11011
2	2022-10-02	14:58:22	5747.6259	23	0.0102	0.0013	5453.7080	1.7	-4.1	0.5499	-0.0985	0.0003	0.0699	293.9463	60	0.000	55.839948	48.812679	92.00	--	--	--	11011
2	2022-10-02	14:59:22	5747.6262	23	0.0137	0.0018	5453.7077	1.7	-5.2	0.5454	-0.0984	0.0004	0.0698	293.9468	60	0.000	55.839948	48.812679	92.00	--	--	--	11011
2	2022-10-02	15:00:22	5747.6265	23	0.0143	0.0018	5453.7073	1.2	-4.3	0.5382	-0.0984	0.0003	0.0700	293.9473	60	0.000	55.839948	48.812679	92.00	--	--	--	11011
2	2022-10-02	15:01:22	5747.6263	23	0.0122	0.0016	5453.7067	-0.5	-4.6	0.5351	-0.0984	0.0003	0.0700	293.9478	60	0.000	55.839948	48.812679	92.00	--	--	--	11011
2	2022-10-02	15:02:22	5747.6277	23	0.0122	0.0016	5453.7079	-0.3	-3.5	0.5403	-0.0983	0.0001	0.0697	293.9483	60	0.000	55.839948	48.812679	92.00	--	--	--	11011
2	2022-10-02	15:03:22	5747.6284	23	0.0144	0.0019	5453.7079	-0.3	-3.8	0.5353	-0.0983	0.0001	0.0699	293.9488	60	0.000	55.839948	48.812679	92.00	--	--	--	11011
2	2022-10-02	15:04:22	5747.6286	23	0.0164	0.0021	5453.7075	-0.4	-4.5	0.5414	-0.0983	0.0002	0.0699	293.9493	60	0.000	55.839948	48.812679	92.00	--	--	--	11011
2	2022-10-02	15:05:22	5747.6295	23	0.0195	0.0025	5453.7079	-0.8	-4.5	0.5403	-0.0982	0.0003	0.0698	293.9498	60	0.000	55.839948	48.812679	92.00	--	--	--	11011
2	2022-10-02	15:06:22	5747.6298	23	0.0153	0.0020	5453.7078	-1.0	-3.7	0.5378	-0.0982	0.0002	0.0697	293.9503	60	0.000	55.839948	48.812679	92.00	--	--	--	11011
2	2022-10-02	15:07:22	5747.6296	23	0.0119	0.0015	5453.7068	-0.2	-4.9	0.5386	-0.0981	0.0003	0.0699	293.9507	60	0.000	55.839948	48.812679	92.00	--	--	--	11011
2	2022-10-02	15:08:22	5747.6295	23	0.0149	0.0019	5453.7062	0.9	-4.7	0.5397	-0.0981	0.0003	0.0699	293.9512	60	0.000	55.839948	48.812679	92.00	--	--	--	11011
3	2022-10-02	15:10:17	5747.4773	23	0.0149	0.0019	5453.5533	2.7	-1.0	0.5444	-0.0980	0.0001	0.0696	293.9522	60	0.000	55.839948	48.812679	92.00	--	--	--	11011
3	2022-10-02	15:11:17	5747.4772	23	0.0152	0.0020	5453.5525	2.9	-1.9	0.5438	-0.0980	0.0002	0.0699	293.9527	60	0.000	55.839948	48.812679	92.00	--	--	--	11011
3	2022-10-02	15:12:17	5747.4791	23	0.0136	0.0018	5453.5538	1.5	-2.0	0.5466	-0.0979	0.0001	0.0700	293.9532	60	0.000	55.839948	48.812679	92.00	--	--	--	11011
3	2022-10-02	15:13:17	5747.4789	23	0.0131	0.0017	5453.5532	2.5	-2.2	0.5403	-0.0979	0.0001	0.0698	293.9537	60	0.000	55.839948	48.812679	92.00	--	--	--	11011
3	2022-10-02	15:14:17	5747.4795	23	0.0110	0.0014	5453.5533	2.1	-2.8	0.5400	-0.0979	0.0002	0.0697	293.9542	60	0.000	55.839948	48.812679	92.00	--	--	--	11011
3	2022-10-02	15:15:17	5747.4803	23	0.0125	0.0016	5453.5530	2.2	-2.7	0.5414	-0.0978	0.0002	0.0702	293.9547	60	0.000	55.839948	48.812679	92.00	--	--	--	11011
3	2022-10-02	15:16:17	5747.4799	23	0.0171	0.0022	5453.5526	1.1	-3.0	0.5450	-0.0978	0.0001	0.0698	293.9552	60	0.000	55.839948	48.812679	92.00	--	--	--	11011
3	2022-10-02	15:17:17	5747.4809	23	0.0120	0.0015	5453.5531	0.9	-2.4	0.5391	-0.0977	0.0001	0.0698	293.9557	60	0.000	55.839948	48.812679	92.00	--	--	--	11011
3	2022-10-02	15:18:17	5747.4811	23	0.0076	0.0010	5453.5528	2.3	-2.4	0.5414	-0.0977	0.0002	0.0697	293.9562	60	0.000	55.839948	48.812679	92.00	--	--	--	11011
3	2022-10-02	15:19:17	5747.4814	23	0.0147	0.0019	5453.5526	2.9	-2.4	0.5424	-0.0976	0.0001	0.0697	293.9567	60	0.000	55.839948	48.812679	92.00	--	--	--	11011
3	2022-10-02	15:20:17	5747.4815	23	0.0129	0.0017	5453.5519	2.7	-3.3	0.5407	-0.0976	0.0003	0.0697	293.9571	60	0.000	55.839948	48.812679	92.00	--	--	--	11011
3	2022-10-02	15:21:17	5747.4826	23	0.0140	0.0018	5453.5526	1.5	-3.2	0.5394	-0.0975	0.0002	0.0698	293.9576	60	0.000	55.839948	48.812679	92.00	--	--	--	11011
3	2022-10-02	15:22:17	5747.4832	23	0.0149	0.0019	5453.5527	1.7	-4.5	0.5435	-0.0975	0.0002	0.0697	293.9581	60	0.000	55.839948	48.812679	92.00	--	--	--	11011
3	2022-10-02	15:23:17	5747.4833	23	0.0196	0.0025	5453.5520	1.4	-4.9	0.5427	-0.0974	0.0003	0.0697	293.9586	60	0.000	55.839948	48.812679	92.00	--	--	--	11011
3	2022-10-02	15:24:17	5747.4848	23	0.0176	0.0023	5453.5529	1.9	-5.1	0.5495	-0.0974	0.0005	0.0697	293.9591	60	0.000	55.839948	48.812679	92.00	--	--	--	11011
2	2022-10-02	15:26:54	5747.6393	23	0.0170	0.0022	5453.7063	-0.4	1.5	0.5416	-0.0973	0.0001	0.0698	293.9604	60	0.000	55.839948	48.812679	92.00	--	--	--	11011
2	2022-10-02	15:27:54	5747.6395	23	0.0158	0.0020	5453.7059	-0.3	1.3	0.5351	-0.0972	0.0001	0.0699	293.9609	60	0.000	55.839948	48.812679	92.00	--	--	--	11011
2	2022-10-02	15:28:54	5747.6391	23	0.0124	0.0016	5453.7047	-0.5	0.0	0.5424	-0.0971	0.0000	0.0700	293.9614	60	0.000	55.839948	48.812679	92.00	--	--	--	11011
2	2022-10-02	15:29:54	5747.6403	23	0.0161	0.0021	5453.7056	-0.6	0.5	0.5390	-0.0971	0.0000	0.0698	293.9619	60	0.000	55.839948	48.812679	92.00	--	--	--	11011
2	2022-10-02	15:30:54	5747.6408	23	0.0155	0.0020	5453.7055	0.2	0.4	0.5405	-0.0970	0.0000	0.0699	293.9624	60	0.000	55.839948	48.812679	92.00	--	--	--	11011
2	2022-10-02	15:31:54	5747.6431	23	0.0180	0.0023	5453.7073	-0.1	-0.9	0.5496	-0.0970	0.0000	0.0699	293.9629	60	0.000	55.839948	48.812679	92.00	--	--	--	11011
2	2022-10-02	15:32:54	5747.6428	23	0.0121	0.0016	5453.7064	0.2	-1.6	0.5420	-0.0969	0.0001	0.0699	293.9634	60	0.000	55.839948	48.812679	92.00	--	--	--	11011
2	2022-10-02	15:33:54	5747.6423	23	0.0140	0.0018	5453.7054	-0.4	-0.5	0.5415	-0.0969	0.0000	0.0698	293.9639	60	0.000	55.839948	48.812679	92.00	--	--	--	11011
2	2022-10-02	15:34:54	5747.6423	23	0.0160	0.0021	5453.7049	-1.5	-1.9	0.5483	-0.0968	0.0001	0.0698	293.9644	60	0.000	55.839948	48.812679	92.00	--	--	--	11011
2	2022-10-02	15:35:54	5747.6440	23	0.0184	0.0024	5453.7059	-0.7	-1.9	0.5455	-0.0967	0.0001	0.0699	293.9649	60	0.000	55.839948	48.812679	92.00	--	--	--	11011
2	2022-10-02	15:36:54	5747.6443	23	0.0151	0.0019	5453.7059	-0.7	-1.4	0.5437	-0.0967	0.0001	0.0697	293.9654	60	0.000	55.839948	48.812679	92.00	--	--	--	11011
2	2022-10-02	15:37:54	5747.6444	23	0.0097	0.0013	5453.7053	-0.9	-0.6	0.5425	-0.0966	0.0000	0.0698	293.9659	60	0.000	55.839948	48.812679	92.00	--	--	--	11011
2	2022-10-02	15:38:54	5747.6422	23	0.0121	0.0016	5453.7026	-1.6	-1.1	0.5392	-0.0966	0.0001	0.0697	293.9664	60	0.000	55.839948	48.812679	92.00	--	--	--	11011
2	2022-10-02	15:39:54	5747.6447	23	0.0117	0.0015	5453.7045	-0.3	-0.8	0.5394	-0.0965	0.0000	0.0698	293.9669	60	0.000	55.839948	48.812679	92.00	--	--	--	11011
2	2022-10-02	15:40:54	5747.6457	23	0.0130	0.0017	5453.7049	-0.5	-0.1	0.5420	-0.0964	0.0000	0.0698	293.9674	60	0.000	55.839948	48.812679	92.00	--	--	--	11011